0.0
100.0  100.0
150.0  300.0  150.0
175.0  425.0  425.0  175.0
187.5  500.0  625.0  500.0  187.5
193.75  543.75  762.5  762.5  543.75  193.75
196.88  568.75  853.125  962.5  853.125  568.75  196.88
198.44  582.815  910.9375  1107.8125  1107.8125  910.9375  582.815  198.44
199.22  590.6275  946.87625  1209.375  1307.8125  1209.375  946.87625  590.6275  199.22
199.61  594.92375  968.751875  1278.1256250000001  1458.59375  1458.59375  1278.1256250000001  968.751875  594.92375  199.61
199.81  597.266875  981.8378125  1323.43875  1568.3596875  1658.59375  1568.3596875  1323.43875  981.8378125  597.266875  199.81
2.3627404999999997 seconds run time.
function called 63 times.
cache called 0 times.